[0.0, 0.077, 0.154, 0.231, 0.308, 0.385, 0.462, 0.538, 0.615, 0.692, 0.769, 0.846, 0.923, 1.0]
[24, 29, 24, 17, 19, 25, 81, 103, 119, 130, 133, 113, 126, 137]
[-43, -97, -150, -113, -68, -42, -138, -157, -154, -138, -106, -28, -36, -49]
[0.0, 0.013, 0.025, 0.037, 0.05, 0.062, 0.075, 0.087, 0.1, 0.113, 0.125, 0.138, 0.15, 0.163, 0.175, 0.188, 0.2, 0.212, 0.225, 0.237, 0.25, 0.263, 0.275, 0.287, 0.3, 0.312, 0.325, 0.338, 0.35, 0.362, 0.375, 0.388, 0.4, 0.412, 0.425, 0.438, 0.45, 0.463, 0.475, 0.487, 0.5, 0.512, 0.525, 0.537, 0.55, 0.562, 0.575, 0.588, 0.6, 0.613, 0.625, 0.637, 0.65, 0.662, 0.675, 0.688, 0.7, 0.713, 0.725, 0.738, 0.75, 0.762, 0.775, 0.787, 0.8, 0.812, 0.825, 0.838, 0.85, 0.863, 0.875, 0.887, 0.9, 0.912, 0.925, 0.938, 0.95, 0.963, 0.975, 0.988, 1.0]
[0.0, 0.125, 0.25, 0.375, 0.5, 0.625, 0.75, 0.875, 1.0]
[169, 171, 175, 185, 201, 217, 225, 224, 218]
[-80, -96, -136, -149, -149, -139, -127, -99, -80]
[0.0, 0.013, 0.025, 0.037, 0.05, 0.062, 0.075, 0.087, 0.1, 0.113, 0.125, 0.138, 0.15, 0.163, 0.175, 0.188, 0.2, 0.212, 0.225, 0.237, 0.25, 0.263, 0.275, 0.287, 0.3, 0.312, 0.325, 0.338, 0.35, 0.362, 0.375, 0.388, 0.4, 0.412, 0.425, 0.438, 0.45, 0.463, 0.475, 0.487, 0.5, 0.512, 0.525, 0.537, 0.55, 0.562, 0.575, 0.588, 0.6, 0.613, 0.625, 0.637, 0.65, 0.662, 0.675, 0.688, 0.7, 0.713, 0.725, 0.738, 0.75, 0.762, 0.775, 0.787, 0.8, 0.812, 0.825, 0.838, 0.85, 0.863, 0.875, 0.887, 0.9, 0.912, 0.925, 0.938, 0.95, 0.963, 0.975, 0.988, 1.0]
[0.0, 0.111, 0.222, 0.333, 0.444, 0.556, 0.667, 0.778, 0.889, 1.0]
[252, 249, 257, 263, 272, 282, 290, 303, 311, 324]
[-82, -104, -123, -101, -90, -109, -102, -91, -111, -121]
[0.0, 0.013, 0.025, 0.037, 0.05, 0.062, 0.075, 0.087, 0.1, 0.113, 0.125, 0.138, 0.15, 0.163, 0.175, 0.188, 0.2, 0.212, 0.225, 0.237, 0.25, 0.263, 0.275, 0.287, 0.3, 0.312, 0.325, 0.338, 0.35, 0.362, 0.375, 0.388, 0.4, 0.412, 0.425, 0.438, 0.45, 0.463, 0.475, 0.487, 0.5, 0.512, 0.525, 0.537, 0.55, 0.562, 0.575, 0.588, 0.6, 0.613, 0.625, 0.637, 0.65, 0.662, 0.675, 0.688, 0.7, 0.713, 0.725, 0.738, 0.75, 0.762, 0.775, 0.787, 0.8, 0.812, 0.825, 0.838, 0.85, 0.863, 0.875, 0.887, 0.9, 0.912, 0.925, 0.938, 0.95, 0.963, 0.975, 0.988, 1.0]
[0.0, 0.059, 0.118, 0.176, 0.235, 0.294, 0.353, 0.412, 0.471, 0.529, 0.588, 0.647, 0.706, 0.765, 0.824, 0.882, 0.941, 1.0]
[343, 358, 373, 386, 382, 375, 367, 362, 359, 371, 386, 405, 416, 416, 415, 423, 431, 454]
[-92, -104, -108, -99, -83, -78, -84, -97, -118, -127, -128, -118, -85, -106, -127, -133, -106, -75]
[0.0, 0.013, 0.025, 0.037, 0.05, 0.062, 0.075, 0.087, 0.1, 0.113, 0.125, 0.138, 0.15, 0.163, 0.175, 0.188, 0.2, 0.212, 0.225, 0.237, 0.25, 0.263, 0.275, 0.287, 0.3, 0.312, 0.325, 0.338, 0.35, 0.362, 0.375, 0.388, 0.4, 0.412, 0.425, 0.438, 0.45, 0.463, 0.475, 0.487, 0.5, 0.512, 0.525, 0.537, 0.55, 0.562, 0.575, 0.588, 0.6, 0.613, 0.625, 0.637, 0.65, 0.662, 0.675, 0.688, 0.7, 0.713, 0.725, 0.738, 0.75, 0.762, 0.775, 0.787, 0.8, 0.812, 0.825, 0.838, 0.85, 0.863, 0.875, 0.887, 0.9, 0.912, 0.925, 0.938, 0.95, 0.963, 0.975, 0.988, 1.0]
[0.0, 0.056, 0.111, 0.167, 0.222, 0.278, 0.333, 0.389, 0.444, 0.5, 0.556, 0.611, 0.667, 0.722, 0.778, 0.833, 0.889, 0.944, 1.0]
[468, 477, 480, 472, 467, 471, 477, 492, 502, 508, 510, 508, 512, 523, 544, 553, 553, 556, 565]
[-43, -33, -45, -61, -84, -105, -120, -116, -109, -96, -75, -105, -121, -126, -117, -102, -75, -109, -121]
[0.0, 0.013, 0.025, 0.037, 0.05, 0.062, 0.075, 0.087, 0.1, 0.113, 0.125, 0.138, 0.15, 0.163, 0.175, 0.188, 0.2, 0.212, 0.225, 0.237, 0.25, 0.263, 0.275, 0.287, 0.3, 0.312, 0.325, 0.338, 0.35, 0.362, 0.375, 0.388, 0.4, 0.412, 0.425, 0.438, 0.45, 0.463, 0.475, 0.487, 0.5, 0.512, 0.525, 0.537, 0.55, 0.562, 0.575, 0.588, 0.6, 0.613, 0.625, 0.637, 0.65, 0.662, 0.675, 0.688, 0.7, 0.713, 0.725, 0.738, 0.75, 0.762, 0.775, 0.787, 0.8, 0.812, 0.825, 0.838, 0.85, 0.863, 0.875, 0.887, 0.9, 0.912, 0.925, 0.938, 0.95, 0.963, 0.975, 0.988, 1.0]
[0.0, 1.0]
[570, 571]
[-36, -41]
[0.0, 0.013, 0.025, 0.037, 0.05, 0.062, 0.075, 0.087, 0.1, 0.113, 0.125, 0.138, 0.15, 0.163, 0.175, 0.188, 0.2, 0.212, 0.225, 0.237, 0.25, 0.263, 0.275, 0.287, 0.3, 0.312, 0.325, 0.338, 0.35, 0.362, 0.375, 0.388, 0.4, 0.412, 0.425, 0.438, 0.45, 0.463, 0.475, 0.487, 0.5, 0.512, 0.525, 0.537, 0.55, 0.562, 0.575, 0.588, 0.6, 0.613, 0.625, 0.637, 0.65, 0.662, 0.675, 0.688, 0.7, 0.713, 0.725, 0.738, 0.75, 0.762, 0.775, 0.787, 0.8, 0.812, 0.825, 0.838, 0.85, 0.863, 0.875, 0.887, 0.9, 0.912, 0.925, 0.938, 0.95, 0.963, 0.975, 0.988, 1.0]
[0.0, 0.1, 0.2, 0.3, 0.4, 0.5, 0.6, 0.7, 0.8, 0.9, 1.0]
[733, 722, 711, 711, 728, 738, 752, 767, 748, 725, 709]
[-61, -52, -57, -71, -86, -89, -98, -112, -113, -113, -110]
[0.0, 0.013, 0.025, 0.037, 0.05, 0.062, 0.075, 0.087, 0.1, 0.113, 0.125, 0.138, 0.15, 0.163, 0.175, 0.188, 0.2, 0.212, 0.225, 0.237, 0.25, 0.263, 0.275, 0.287, 0.3, 0.312, 0.325, 0.338, 0.35, 0.362, 0.375, 0.388, 0.4, 0.412, 0.425, 0.438, 0.45, 0.463, 0.475, 0.487, 0.5, 0.512, 0.525, 0.537, 0.55, 0.562, 0.575, 0.588, 0.6, 0.613, 0.625, 0.637, 0.65, 0.662, 0.675, 0.688, 0.7, 0.713, 0.725, 0.738, 0.75, 0.762, 0.775, 0.787, 0.8, 0.812, 0.825, 0.838, 0.85, 0.863, 0.875, 0.887, 0.9, 0.912, 0.925, 0.938, 0.95, 0.963, 0.975, 0.988, 1.0]
[0.0, 0.062, 0.125, 0.188, 0.25, 0.312, 0.375, 0.438, 0.5, 0.562, 0.625, 0.688, 0.75, 0.812, 0.875, 0.938, 1.0]
[795, 786, 787, 791, 809, 816, 819, 816, 808, 833, 843, 843, 832, 821, 831, 847, 861]
[-58, -56, -73, -86, -97, -95, -85, -73, -63, -90, -100, -117, -124, -136, -142, -146, -147]
[0.0, 0.013, 0.025, 0.037, 0.05, 0.062, 0.075, 0.087, 0.1, 0.113, 0.125, 0.138, 0.15, 0.163, 0.175, 0.188, 0.2, 0.212, 0.225, 0.237, 0.25, 0.263, 0.275, 0.287, 0.3, 0.312, 0.325, 0.338, 0.35, 0.362, 0.375, 0.388, 0.4, 0.412, 0.425, 0.438, 0.45, 0.463, 0.475, 0.487, 0.5, 0.512, 0.525, 0.537, 0.55, 0.562, 0.575, 0.588, 0.6, 0.613, 0.625, 0.637, 0.65, 0.662, 0.675, 0.688, 0.7, 0.713, 0.725, 0.738, 0.75, 0.762, 0.775, 0.787, 0.8, 0.812, 0.825, 0.838, 0.85, 0.863, 0.875, 0.887, 0.9, 0.912, 0.925, 0.938, 0.95, 0.963, 0.975, 0.988, 1.0]
[0.0, 0.062, 0.125, 0.188, 0.25, 0.312, 0.375, 0.438, 0.5, 0.562, 0.625, 0.688, 0.75, 0.812, 0.875, 0.938, 1.0]
[1002, 1014, 1027, 1037, 1031, 1013, 1015, 1032, 1050, 1062, 1073, 1068, 1079, 1097, 1105, 1109, 1097]
[-50, -69, -82, -97, -107, -107, -97, -89, -79, -72, -60, -78, -88, -91, -77, -60, -48]
[0.0, 0.013, 0.025, 0.037, 0.05, 0.062, 0.075, 0.087, 0.1, 0.113, 0.125, 0.138, 0.15, 0.163, 0.175, 0.188, 0.2, 0.212, 0.225, 0.237, 0.25, 0.263, 0.275, 0.287, 0.3, 0.312, 0.325, 0.338, 0.35, 0.362, 0.375, 0.388, 0.4, 0.412, 0.425, 0.438, 0.45, 0.463, 0.475, 0.487, 0.5, 0.512, 0.525, 0.537, 0.55, 0.562, 0.575, 0.588, 0.6, 0.613, 0.625, 0.637, 0.65, 0.662, 0.675, 0.688, 0.7, 0.713, 0.725, 0.738, 0.75, 0.762, 0.775, 0.787, 0.8, 0.812, 0.825, 0.838, 0.85, 0.863, 0.875, 0.887, 0.9, 0.912, 0.925, 0.938, 0.95, 0.963, 0.975, 0.988, 1.0]
[0.0, 0.056, 0.111, 0.167, 0.222, 0.278, 0.333, 0.389, 0.444, 0.5, 0.556, 0.611, 0.667, 0.722, 0.778, 0.833, 0.889, 0.944, 1.0]
[1129, 1141, 1148, 1146, 1146, 1144, 1140, 1131, 1117, 1109, 1109, 1125, 1133, 1143, 1155, 1168, 1170, 1164, 1147]
[-51, -63, -82, -101, -113, -132, -148, -170, -185, -167, -137, -107, -80, -52, -43, -51, -67, -88, -100]
[0.0, 0.013, 0.025, 0.037, 0.05, 0.062, 0.075, 0.087, 0.1, 0.113, 0.125, 0.138, 0.15, 0.163, 0.175, 0.188, 0.2, 0.212, 0.225, 0.237, 0.25, 0.263, 0.275, 0.287, 0.3, 0.312, 0.325, 0.338, 0.35, 0.362, 0.375, 0.388, 0.4, 0.412, 0.425, 0.438, 0.45, 0.463, 0.475, 0.487, 0.5, 0.512, 0.525, 0.537, 0.55, 0.562, 0.575, 0.588, 0.6, 0.613, 0.625, 0.637, 0.65, 0.662, 0.675, 0.688, 0.7, 0.713, 0.725, 0.738, 0.75, 0.762, 0.775, 0.787, 0.8, 0.812, 0.825, 0.838, 0.85, 0.863, 0.875, 0.887, 0.9, 0.912, 0.925, 0.938, 0.95, 0.963, 0.975, 0.988, 1.0]
[0.0, 0.053, 0.105, 0.158, 0.211, 0.263, 0.316, 0.368, 0.421, 0.474, 0.526, 0.579, 0.632, 0.684, 0.737, 0.789, 0.842, 0.895, 0.947, 1.0]
[1190, 1202, 1219, 1233, 1240, 1230, 1215, 1202, 1197, 1213, 1228, 1252, 1262, 1279, 1277, 1278, 1278, 1275, 1301, 1322]
[-62, -76, -77, -67, -51, -45, -52, -66, -94, -103, -94, -79, -67, -42, -52, -74, -83, -96, -72, -41]
[0.0, 0.013, 0.025, 0.037, 0.05, 0.062, 0.075, 0.087, 0.1, 0.113, 0.125, 0.138, 0.15, 0.163, 0.175, 0.188, 0.2, 0.212, 0.225, 0.237, 0.25, 0.263, 0.275, 0.287, 0.3, 0.312, 0.325, 0.338, 0.35, 0.362, 0.375, 0.388, 0.4, 0.412, 0.425, 0.438, 0.45, 0.463, 0.475, 0.487, 0.5, 0.512, 0.525, 0.537, 0.55, 0.562, 0.575, 0.588, 0.6, 0.613, 0.625, 0.637, 0.65, 0.662, 0.675, 0.688, 0.7, 0.713, 0.725, 0.738, 0.75, 0.762, 0.775, 0.787, 0.8, 0.812, 0.825, 0.838, 0.85, 0.863, 0.875, 0.887, 0.9, 0.912, 0.925, 0.938, 0.95, 0.963, 0.975, 0.988, 1.0]
[0.0, 1.0]
[1438, 1443]
[-36, -36]
[0.0, 0.013, 0.025, 0.037, 0.05, 0.062, 0.075, 0.087, 0.1, 0.113, 0.125, 0.138, 0.15, 0.163, 0.175, 0.188, 0.2, 0.212, 0.225, 0.237, 0.25, 0.263, 0.275, 0.287, 0.3, 0.312, 0.325, 0.338, 0.35, 0.362, 0.375, 0.388, 0.4, 0.412, 0.425, 0.438, 0.45, 0.463, 0.475, 0.487, 0.5, 0.512, 0.525, 0.537, 0.55, 0.562, 0.575, 0.588, 0.6, 0.613, 0.625, 0.637, 0.65, 0.662, 0.675, 0.688, 0.7, 0.713, 0.725, 0.738, 0.75, 0.762, 0.775, 0.787, 0.8, 0.812, 0.825, 0.838, 0.85, 0.863, 0.875, 0.887, 0.9, 0.912, 0.925, 0.938, 0.95, 0.963, 0.975, 0.988, 1.0]
[0.0, 1.0]
[1442, 1446]
[-82, -80]
[0.0, 0.013, 0.025, 0.037, 0.05, 0.062, 0.075, 0.087, 0.1, 0.113, 0.125, 0.138, 0.15, 0.163, 0.175, 0.188, 0.2, 0.212, 0.225, 0.237, 0.25, 0.263, 0.275, 0.287, 0.3, 0.312, 0.325, 0.338, 0.35, 0.362, 0.375, 0.388, 0.4, 0.412, 0.425, 0.438, 0.45, 0.463, 0.475, 0.487, 0.5, 0.512, 0.525, 0.537, 0.55, 0.562, 0.575, 0.588, 0.6, 0.613, 0.625, 0.637, 0.65, 0.662, 0.675, 0.688, 0.7, 0.713, 0.725, 0.738, 0.75, 0.762, 0.775, 0.787, 0.8, 0.812, 0.825, 0.838, 0.85, 0.863, 0.875, 0.887, 0.9, 0.912, 0.925, 0.938, 0.95, 0.963, 0.975, 0.988, 1.0]
[0.0, 1.0]
[1464, 1488]
[-56, -54]
[0.0, 0.013, 0.025, 0.037, 0.05, 0.062, 0.075, 0.087, 0.1, 0.113, 0.125, 0.138, 0.15, 0.163, 0.175, 0.188, 0.2, 0.212, 0.225, 0.237, 0.25, 0.263, 0.275, 0.287, 0.3, 0.312, 0.325, 0.338, 0.35, 0.362, 0.375, 0.388, 0.4, 0.412, 0.425, 0.438, 0.45, 0.463, 0.475, 0.487, 0.5, 0.512, 0.525, 0.537, 0.55, 0.562, 0.575, 0.588, 0.6, 0.613, 0.625, 0.637, 0.65, 0.662, 0.675, 0.688, 0.7, 0.713, 0.725, 0.738, 0.75, 0.762, 0.775, 0.787, 0.8, 0.812, 0.825, 0.838, 0.85, 0.863, 0.875, 0.887, 0.9, 0.912, 0.925, 0.938, 0.95, 0.963, 0.975, 0.988, 1.0]
[0.0, 0.2, 0.4, 0.6, 0.8, 1.0]
[1499, 1506, 1515, 1519, 1513, 1502]
[-15, -24, -41, -63, -80, -95]
[0.0, 0.013, 0.025, 0.037, 0.05, 0.062, 0.075, 0.087, 0.1, 0.113, 0.125, 0.138, 0.15, 0.163, 0.175, 0.188, 0.2, 0.212, 0.225, 0.237, 0.25, 0.263, 0.275, 0.287, 0.3, 0.312, 0.325, 0.338, 0.35, 0.362, 0.375, 0.388, 0.4, 0.412, 0.425, 0.438, 0.45, 0.463, 0.475, 0.487, 0.5, 0.512, 0.525, 0.537, 0.55, 0.562, 0.575, 0.588, 0.6, 0.613, 0.625, 0.637, 0.65, 0.662, 0.675, 0.688, 0.7, 0.713, 0.725, 0.738, 0.75, 0.762, 0.775, 0.787, 0.8, 0.812, 0.825, 0.838, 0.85, 0.863, 0.875, 0.887, 0.9, 0.912, 0.925, 0.938, 0.95, 0.963, 0.975, 0.988, 1.0]
