[0.0, 0.077, 0.154, 0.231, 0.308, 0.385, 0.462, 0.538, 0.615, 0.692, 0.769, 0.846, 0.923, 1.0]
[22, 32, 28, 25, 16, 14, 25, 81, 100, 116, 130, 133, 114, 136]
[-46, -75, -108, -152, -109, -70, -46, -135, -153, -156, -141, -106, -26, -43]
[0.0, 0.013, 0.025, 0.037, 0.05, 0.062, 0.075, 0.087, 0.1, 0.113, 0.125, 0.138, 0.15, 0.163, 0.175, 0.188, 0.2, 0.212, 0.225, 0.237, 0.25, 0.263, 0.275, 0.287, 0.3, 0.312, 0.325, 0.338, 0.35, 0.362, 0.375, 0.388, 0.4, 0.412, 0.425, 0.438, 0.45, 0.463, 0.475, 0.487, 0.5, 0.512, 0.525, 0.537, 0.55, 0.562, 0.575, 0.588, 0.6, 0.613, 0.625, 0.637, 0.65, 0.662, 0.675, 0.688, 0.7, 0.713, 0.725, 0.738, 0.75, 0.762, 0.775, 0.787, 0.8, 0.812, 0.825, 0.838, 0.85, 0.863, 0.875, 0.887, 0.9, 0.912, 0.925, 0.938, 0.95, 0.963, 0.975, 0.988, 1.0]
[0.0, 0.2, 0.4, 0.6, 0.8, 1.0]
[171, 174, 192, 208, 225, 216]
[-83, -136, -152, -142, -127, -80]
[0.0, 0.013, 0.025, 0.037, 0.05, 0.062, 0.075, 0.087, 0.1, 0.113, 0.125, 0.138, 0.15, 0.163, 0.175, 0.188, 0.2, 0.212, 0.225, 0.237, 0.25, 0.263, 0.275, 0.287, 0.3, 0.312, 0.325, 0.338, 0.35, 0.362, 0.375, 0.388, 0.4, 0.412, 0.425, 0.438, 0.45, 0.463, 0.475, 0.487, 0.5, 0.512, 0.525, 0.537, 0.55, 0.562, 0.575, 0.588, 0.6, 0.613, 0.625, 0.637, 0.65, 0.662, 0.675, 0.688, 0.7, 0.713, 0.725, 0.738, 0.75, 0.762, 0.775, 0.787, 0.8, 0.812, 0.825, 0.838, 0.85, 0.863, 0.875, 0.887, 0.9, 0.912, 0.925, 0.938, 0.95, 0.963, 0.975, 0.988, 1.0]
[0.0, 0.167, 0.333, 0.5, 0.667, 0.833, 1.0]
[251, 256, 271, 283, 304, 310, 320]
[-81, -129, -87, -109, -94, -112, -120]
[0.0, 0.013, 0.025, 0.037, 0.05, 0.062, 0.075, 0.087, 0.1, 0.113, 0.125, 0.138, 0.15, 0.163, 0.175, 0.188, 0.2, 0.212, 0.225, 0.237, 0.25, 0.263, 0.275, 0.287, 0.3, 0.312, 0.325, 0.338, 0.35, 0.362, 0.375, 0.388, 0.4, 0.412, 0.425, 0.438, 0.45, 0.463, 0.475, 0.487, 0.5, 0.512, 0.525, 0.537, 0.55, 0.562, 0.575, 0.588, 0.6, 0.613, 0.625, 0.637, 0.65, 0.662, 0.675, 0.688, 0.7, 0.713, 0.725, 0.738, 0.75, 0.762, 0.775, 0.787, 0.8, 0.812, 0.825, 0.838, 0.85, 0.863, 0.875, 0.887, 0.9, 0.912, 0.925, 0.938, 0.95, 0.963, 0.975, 0.988, 1.0]
[0.0, 0.077, 0.154, 0.231, 0.308, 0.385, 0.462, 0.538, 0.615, 0.692, 0.769, 0.846, 0.923, 1.0]
[338, 352, 381, 384, 378, 360, 361, 366, 385, 403, 420, 413, 420, 445]
[-91, -103, -104, -90, -73, -85, -103, -125, -130, -123, -87, -122, -135, -78]
[0.0, 0.013, 0.025, 0.037, 0.05, 0.062, 0.075, 0.087, 0.1, 0.113, 0.125, 0.138, 0.15, 0.163, 0.175, 0.188, 0.2, 0.212, 0.225, 0.237, 0.25, 0.263, 0.275, 0.287, 0.3, 0.312, 0.325, 0.338, 0.35, 0.362, 0.375, 0.388, 0.4, 0.412, 0.425, 0.438, 0.45, 0.463, 0.475, 0.487, 0.5, 0.512, 0.525, 0.537, 0.55, 0.562, 0.575, 0.588, 0.6, 0.613, 0.625, 0.637, 0.65, 0.662, 0.675, 0.688, 0.7, 0.713, 0.725, 0.738, 0.75, 0.762, 0.775, 0.787, 0.8, 0.812, 0.825, 0.838, 0.85, 0.863, 0.875, 0.887, 0.9, 0.912, 0.925, 0.938, 0.95, 0.963, 0.975, 0.988, 1.0]
[0.0, 0.077, 0.154, 0.231, 0.308, 0.385, 0.462, 0.538, 0.615, 0.692, 0.769, 0.846, 0.923, 1.0]
[472, 474, 476, 467, 467, 480, 503, 513, 507, 521, 546, 555, 550, 555]
[-42, -37, -58, -78, -110, -119, -107, -77, -119, -128, -107, -68, -99, -117]
[0.0, 0.013, 0.025, 0.037, 0.05, 0.062, 0.075, 0.087, 0.1, 0.113, 0.125, 0.138, 0.15, 0.163, 0.175, 0.188, 0.2, 0.212, 0.225, 0.237, 0.25, 0.263, 0.275, 0.287, 0.3, 0.312, 0.325, 0.338, 0.35, 0.362, 0.375, 0.388, 0.4, 0.412, 0.425, 0.438, 0.45, 0.463, 0.475, 0.487, 0.5, 0.512, 0.525, 0.537, 0.55, 0.562, 0.575, 0.588, 0.6, 0.613, 0.625, 0.637, 0.65, 0.662, 0.675, 0.688, 0.7, 0.713, 0.725, 0.738, 0.75, 0.762, 0.775, 0.787, 0.8, 0.812, 0.825, 0.838, 0.85, 0.863, 0.875, 0.887, 0.9, 0.912, 0.925, 0.938, 0.95, 0.963, 0.975, 0.988, 1.0]
[0.0, 1.0]
[569, 574]
[-32, -38]
[0.0, 0.013, 0.025, 0.037, 0.05, 0.062, 0.075, 0.087, 0.1, 0.113, 0.125, 0.138, 0.15, 0.163, 0.175, 0.188, 0.2, 0.212, 0.225, 0.237, 0.25, 0.263, 0.275, 0.287, 0.3, 0.312, 0.325, 0.338, 0.35, 0.362, 0.375, 0.388, 0.4, 0.412, 0.425, 0.438, 0.45, 0.463, 0.475, 0.487, 0.5, 0.512, 0.525, 0.537, 0.55, 0.562, 0.575, 0.588, 0.6, 0.613, 0.625, 0.637, 0.65, 0.662, 0.675, 0.688, 0.7, 0.713, 0.725, 0.738, 0.75, 0.762, 0.775, 0.787, 0.8, 0.812, 0.825, 0.838, 0.85, 0.863, 0.875, 0.887, 0.9, 0.912, 0.925, 0.938, 0.95, 0.963, 0.975, 0.988, 1.0]
[0.0, 0.167, 0.333, 0.5, 0.667, 0.833, 1.0]
[733, 723, 708, 719, 760, 757, 714]
[-62, -56, -60, -78, -100, -109, -109]
[0.0, 0.013, 0.025, 0.037, 0.05, 0.062, 0.075, 0.087, 0.1, 0.113, 0.125, 0.138, 0.15, 0.163, 0.175, 0.188, 0.2, 0.212, 0.225, 0.237, 0.25, 0.263, 0.275, 0.287, 0.3, 0.312, 0.325, 0.338, 0.35, 0.362, 0.375, 0.388, 0.4, 0.412, 0.425, 0.438, 0.45, 0.463, 0.475, 0.487, 0.5, 0.512, 0.525, 0.537, 0.55, 0.562, 0.575, 0.588, 0.6, 0.613, 0.625, 0.637, 0.65, 0.662, 0.675, 0.688, 0.7, 0.713, 0.725, 0.738, 0.75, 0.762, 0.775, 0.787, 0.8, 0.812, 0.825, 0.838, 0.85, 0.863, 0.875, 0.887, 0.9, 0.912, 0.925, 0.938, 0.95, 0.963, 0.975, 0.988, 1.0]
[0.0, 0.091, 0.182, 0.273, 0.364, 0.455, 0.545, 0.636, 0.727, 0.818, 0.909, 1.0]
[790, 786, 799, 817, 819, 803, 832, 845, 836, 825, 840, 860]
[-60, -74, -89, -91, -79, -61, -83, -97, -122, -140, -144, -143]
[0.0, 0.013, 0.025, 0.037, 0.05, 0.062, 0.075, 0.087, 0.1, 0.113, 0.125, 0.138, 0.15, 0.163, 0.175, 0.188, 0.2, 0.212, 0.225, 0.237, 0.25, 0.263, 0.275, 0.287, 0.3, 0.312, 0.325, 0.338, 0.35, 0.362, 0.375, 0.388, 0.4, 0.412, 0.425, 0.438, 0.45, 0.463, 0.475, 0.487, 0.5, 0.512, 0.525, 0.537, 0.55, 0.562, 0.575, 0.588, 0.6, 0.613, 0.625, 0.637, 0.65, 0.662, 0.675, 0.688, 0.7, 0.713, 0.725, 0.738, 0.75, 0.762, 0.775, 0.787, 0.8, 0.812, 0.825, 0.838, 0.85, 0.863, 0.875, 0.887, 0.9, 0.912, 0.925, 0.938, 0.95, 0.963, 0.975, 0.988, 1.0]
[0.0, 0.071, 0.143, 0.214, 0.286, 0.357, 0.429, 0.5, 0.571, 0.643, 0.714, 0.786, 0.857, 0.929, 1.0]
[1002, 1010, 1032, 1042, 1032, 1015, 1018, 1049, 1061, 1069, 1072, 1086, 1103, 1106, 1102]
[-46, -65, -82, -100, -112, -106, -95, -82, -73, -59, -82, -93, -86, -65, -51]
[0.0, 0.013, 0.025, 0.037, 0.05, 0.062, 0.075, 0.087, 0.1, 0.113, 0.125, 0.138, 0.15, 0.163, 0.175, 0.188, 0.2, 0.212, 0.225, 0.237, 0.25, 0.263, 0.275, 0.287, 0.3, 0.312, 0.325, 0.338, 0.35, 0.362, 0.375, 0.388, 0.4, 0.412, 0.425, 0.438, 0.45, 0.463, 0.475, 0.487, 0.5, 0.512, 0.525, 0.537, 0.55, 0.562, 0.575, 0.588, 0.6, 0.613, 0.625, 0.637, 0.65, 0.662, 0.675, 0.688, 0.7, 0.713, 0.725, 0.738, 0.75, 0.762, 0.775, 0.787, 0.8, 0.812, 0.825, 0.838, 0.85, 0.863, 0.875, 0.887, 0.9, 0.912, 0.925, 0.938, 0.95, 0.963, 0.975, 0.988, 1.0]
[0.0, 0.083, 0.167, 0.25, 0.333, 0.417, 0.5, 0.583, 0.667, 0.75, 0.833, 0.917, 1.0]
[1140, 1144, 1147, 1142, 1130, 1119, 1106, 1118, 1140, 1162, 1175, 1160, 1144]
[-50, -82, -115, -148, -177, -184, -160, -121, -50, -47, -59, -92, -102]
[0.0, 0.013, 0.025, 0.037, 0.05, 0.062, 0.075, 0.087, 0.1, 0.113, 0.125, 0.138, 0.15, 0.163, 0.175, 0.188, 0.2, 0.212, 0.225, 0.237, 0.25, 0.263, 0.275, 0.287, 0.3, 0.312, 0.325, 0.338, 0.35, 0.362, 0.375, 0.388, 0.4, 0.412, 0.425, 0.438, 0.45, 0.463, 0.475, 0.487, 0.5, 0.512, 0.525, 0.537, 0.55, 0.562, 0.575, 0.588, 0.6, 0.613, 0.625, 0.637, 0.65, 0.662, 0.675, 0.688, 0.7, 0.713, 0.725, 0.738, 0.75, 0.762, 0.775, 0.787, 0.8, 0.812, 0.825, 0.838, 0.85, 0.863, 0.875, 0.887, 0.9, 0.912, 0.925, 0.938, 0.95, 0.963, 0.975, 0.988, 1.0]
[0.0, 0.067, 0.133, 0.2, 0.267, 0.333, 0.4, 0.467, 0.533, 0.6, 0.667, 0.733, 0.8, 0.867, 0.933, 1.0]
[1191, 1207, 1225, 1235, 1225, 1210, 1201, 1212, 1235, 1252, 1263, 1275, 1279, 1277, 1300, 1323]
[-60, -77, -76, -61, -47, -54, -90, -104, -95, -77, -56, -39, -59, -88, -69, -34]
[0.0, 0.013, 0.025, 0.037, 0.05, 0.062, 0.075, 0.087, 0.1, 0.113, 0.125, 0.138, 0.15, 0.163, 0.175, 0.188, 0.2, 0.212, 0.225, 0.237, 0.25, 0.263, 0.275, 0.287, 0.3, 0.312, 0.325, 0.338, 0.35, 0.362, 0.375, 0.388, 0.4, 0.412, 0.425, 0.438, 0.45, 0.463, 0.475, 0.487, 0.5, 0.512, 0.525, 0.537, 0.55, 0.562, 0.575, 0.588, 0.6, 0.613, 0.625, 0.637, 0.65, 0.662, 0.675, 0.688, 0.7, 0.713, 0.725, 0.738, 0.75, 0.762, 0.775, 0.787, 0.8, 0.812, 0.825, 0.838, 0.85, 0.863, 0.875, 0.887, 0.9, 0.912, 0.925, 0.938, 0.95, 0.963, 0.975, 0.988, 1.0]
[0.0, 1.0]
[1434, 1445]
[-42, -35]
[0.0, 0.013, 0.025, 0.037, 0.05, 0.062, 0.075, 0.087, 0.1, 0.113, 0.125, 0.138, 0.15, 0.163, 0.175, 0.188, 0.2, 0.212, 0.225, 0.237, 0.25, 0.263, 0.275, 0.287, 0.3, 0.312, 0.325, 0.338, 0.35, 0.362, 0.375, 0.388, 0.4, 0.412, 0.425, 0.438, 0.45, 0.463, 0.475, 0.487, 0.5, 0.512, 0.525, 0.537, 0.55, 0.562, 0.575, 0.588, 0.6, 0.613, 0.625, 0.637, 0.65, 0.662, 0.675, 0.688, 0.7, 0.713, 0.725, 0.738, 0.75, 0.762, 0.775, 0.787, 0.8, 0.812, 0.825, 0.838, 0.85, 0.863, 0.875, 0.887, 0.9, 0.912, 0.925, 0.938, 0.95, 0.963, 0.975, 0.988, 1.0]
[0.0, 1.0]
[1440, 1450]
[-76, -81]
[0.0, 0.013, 0.025, 0.037, 0.05, 0.062, 0.075, 0.087, 0.1, 0.113, 0.125, 0.138, 0.15, 0.163, 0.175, 0.188, 0.2, 0.212, 0.225, 0.237, 0.25, 0.263, 0.275, 0.287, 0.3, 0.312, 0.325, 0.338, 0.35, 0.362, 0.375, 0.388, 0.4, 0.412, 0.425, 0.438, 0.45, 0.463, 0.475, 0.487, 0.5, 0.512, 0.525, 0.537, 0.55, 0.562, 0.575, 0.588, 0.6, 0.613, 0.625, 0.637, 0.65, 0.662, 0.675, 0.688, 0.7, 0.713, 0.725, 0.738, 0.75, 0.762, 0.775, 0.787, 0.8, 0.812, 0.825, 0.838, 0.85, 0.863, 0.875, 0.887, 0.9, 0.912, 0.925, 0.938, 0.95, 0.963, 0.975, 0.988, 1.0]
[0.0, 1.0]
[1468, 1491]
[-57, -57]
[0.0, 0.013, 0.025, 0.037, 0.05, 0.062, 0.075, 0.087, 0.1, 0.113, 0.125, 0.138, 0.15, 0.163, 0.175, 0.188, 0.2, 0.212, 0.225, 0.237, 0.25, 0.263, 0.275, 0.287, 0.3, 0.312, 0.325, 0.338, 0.35, 0.362, 0.375, 0.388, 0.4, 0.412, 0.425, 0.438, 0.45, 0.463, 0.475, 0.487, 0.5, 0.512, 0.525, 0.537, 0.55, 0.562, 0.575, 0.588, 0.6, 0.613, 0.625, 0.637, 0.65, 0.662, 0.675, 0.688, 0.7, 0.713, 0.725, 0.738, 0.75, 0.762, 0.775, 0.787, 0.8, 0.812, 0.825, 0.838, 0.85, 0.863, 0.875, 0.887, 0.9, 0.912, 0.925, 0.938, 0.95, 0.963, 0.975, 0.988, 1.0]
[0.0, 0.25, 0.5, 0.75, 1.0]
[1502, 1513, 1518, 1515, 1503]
[-12, -36, -57, -75, -94]
[0.0, 0.013, 0.025, 0.037, 0.05, 0.062, 0.075, 0.087, 0.1, 0.113, 0.125, 0.138, 0.15, 0.163, 0.175, 0.188, 0.2, 0.212, 0.225, 0.237, 0.25, 0.263, 0.275, 0.287, 0.3, 0.312, 0.325, 0.338, 0.35, 0.362, 0.375, 0.388, 0.4, 0.412, 0.425, 0.438, 0.45, 0.463, 0.475, 0.487, 0.5, 0.512, 0.525, 0.537, 0.55, 0.562, 0.575, 0.588, 0.6, 0.613, 0.625, 0.637, 0.65, 0.662, 0.675, 0.688, 0.7, 0.713, 0.725, 0.738, 0.75, 0.762, 0.775, 0.787, 0.8, 0.812, 0.825, 0.838, 0.85, 0.863, 0.875, 0.887, 0.9, 0.912, 0.925, 0.938, 0.95, 0.963, 0.975, 0.988, 1.0]
