[0.0, 0.1, 0.2, 0.3, 0.4, 0.5, 0.6, 0.7, 0.8, 0.9, 1.0]
[25, 28, 24, 17, 25, 86, 120, 133, 116, 131, 137]
[-43, -99, -151, -94, -43, -142, -155, -107, -29, -39, -52]
[0.0, 0.015, 0.031, 0.046, 0.062, 0.077, 0.092, 0.108, 0.123, 0.138, 0.154, 0.169, 0.185, 0.2, 0.215, 0.231, 0.246, 0.262, 0.277, 0.292, 0.308, 0.323, 0.338, 0.354, 0.369, 0.385, 0.4, 0.415, 0.431, 0.446, 0.462, 0.477, 0.492, 0.508, 0.523, 0.538, 0.554, 0.569, 0.585, 0.6, 0.615, 0.631, 0.646, 0.662, 0.677, 0.692, 0.708, 0.723, 0.738, 0.754, 0.769, 0.785, 0.8, 0.815, 0.831, 0.846, 0.862, 0.877, 0.892, 0.908, 0.923, 0.938, 0.954, 0.969, 0.985, 1.0]
[0.0, 0.25, 0.5, 0.75, 1.0]
[170, 175, 199, 223, 221]
[-79, -131, -152, -131, -81]
[0.0, 0.062, 0.125, 0.188, 0.25, 0.312, 0.375, 0.438, 0.5, 0.562, 0.625, 0.688, 0.75, 0.812, 0.875, 0.938, 1.0]
[0.0, 0.143, 0.286, 0.429, 0.571, 0.714, 0.857, 1.0]
[253, 253, 273, 283, 285, 302, 308, 327]
[-85, -120, -86, -106, -105, -93, -111, -124]
[0.0, 0.05, 0.1, 0.15, 0.2, 0.25, 0.3, 0.35, 0.4, 0.45, 0.5, 0.55, 0.6, 0.65, 0.7, 0.75, 0.8, 0.85, 0.9, 0.95, 1.0]
[0.0, 0.083, 0.167, 0.25, 0.333, 0.417, 0.5, 0.583, 0.667, 0.75, 0.833, 0.917, 1.0]
[346, 360, 380, 389, 385, 374, 357, 370, 403, 416, 412, 419, 444]
[-96, -106, -107, -96, -81, -78, -105, -133, -121, -85, -118, -133, -84]
[0.0, 0.024, 0.049, 0.073, 0.098, 0.122, 0.146, 0.171, 0.195, 0.22, 0.244, 0.268, 0.293, 0.317, 0.341, 0.366, 0.39, 0.415, 0.439, 0.463, 0.488, 0.512, 0.537, 0.561, 0.585, 0.61, 0.634, 0.659, 0.683, 0.707, 0.732, 0.756, 0.78, 0.805, 0.829, 0.854, 0.878, 0.902, 0.927, 0.951, 0.976, 1.0]
[0.0, 0.091, 0.182, 0.273, 0.364, 0.455, 0.545, 0.636, 0.727, 0.818, 0.909, 1.0]
[472, 472, 467, 477, 506, 510, 505, 525, 550, 554, 550, 556]
[-37, -62, -82, -119, -103, -76, -104, -126, -100, -69, -101, -117]
[0.0, 0.02, 0.04, 0.06, 0.08, 0.1, 0.12, 0.14, 0.16, 0.18, 0.2, 0.22, 0.24, 0.26, 0.28, 0.3, 0.32, 0.34, 0.36, 0.38, 0.4, 0.42, 0.44, 0.46, 0.48, 0.5, 0.52, 0.54, 0.56, 0.58, 0.6, 0.62, 0.64, 0.66, 0.68, 0.7, 0.72, 0.74, 0.76, 0.78, 0.8, 0.82, 0.84, 0.86, 0.88, 0.9, 0.92, 0.94, 0.96, 0.98, 1.0]
[0.0, 1.0]
[570, 570]
[-37, -39]
[0.0, 1.0]
[0.0, 0.2, 0.4, 0.6, 0.8, 1.0]
[732, 715, 707, 758, 753, 710]
[-61, -56, -71, -100, -110, -111]
[0.0, 0.02, 0.04, 0.06, 0.08, 0.1, 0.12, 0.14, 0.16, 0.18, 0.2, 0.22, 0.24, 0.26, 0.28, 0.3, 0.32, 0.34, 0.36, 0.38, 0.4, 0.42, 0.44, 0.46, 0.48, 0.5, 0.52, 0.54, 0.56, 0.58, 0.6, 0.62, 0.64, 0.66, 0.68, 0.7, 0.72, 0.74, 0.76, 0.78, 0.8, 0.82, 0.84, 0.86, 0.88, 0.9, 0.92, 0.94, 0.96, 0.98, 1.0]
[0.0, 0.125, 0.25, 0.375, 0.5, 0.625, 0.75, 0.875, 1.0]
[793, 787, 799, 818, 806, 838, 846, 826, 863]
[-64, -71, -92, -83, -61, -88, -111, -140, -144]
[0.0, 0.02, 0.04, 0.06, 0.08, 0.1, 0.12, 0.14, 0.16, 0.18, 0.2, 0.22, 0.24, 0.26, 0.28, 0.3, 0.32, 0.34, 0.36, 0.38, 0.4, 0.42, 0.44, 0.46, 0.48, 0.5, 0.52, 0.54, 0.56, 0.58, 0.6, 0.62, 0.64, 0.66, 0.68, 0.7, 0.72, 0.74, 0.76, 0.78, 0.8, 0.82, 0.84, 0.86, 0.88, 0.9, 0.92, 0.94, 0.96, 0.98, 1.0]
[0.0, 0.1, 0.2, 0.3, 0.4, 0.5, 0.6, 0.7, 0.8, 0.9, 1.0]
[1009, 1005, 1041, 1027, 1013, 1029, 1068, 1069, 1069, 1092, 1102]
[-50, -60, -97, -109, -101, -90, -71, -61, -71, -93, -55]
[0.0, 0.031, 0.062, 0.094, 0.125, 0.156, 0.188, 0.219, 0.25, 0.281, 0.312, 0.344, 0.375, 0.406, 0.438, 0.469, 0.5, 0.531, 0.562, 0.594, 0.625, 0.656, 0.688, 0.719, 0.75, 0.781, 0.812, 0.844, 0.875, 0.906, 0.938, 0.969, 1.0]
[0.0, 0.125, 0.25, 0.375, 0.5, 0.625, 0.75, 0.875, 1.0]
[1133, 1143, 1144, 1123, 1110, 1138, 1162, 1176, 1144]
[-55, -98, -139, -184, -150, -60, -46, -70, -104]
[0.0, 0.031, 0.062, 0.094, 0.125, 0.156, 0.188, 0.219, 0.25, 0.281, 0.312, 0.344, 0.375, 0.406, 0.438, 0.469, 0.5, 0.531, 0.562, 0.594, 0.625, 0.656, 0.688, 0.719, 0.75, 0.781, 0.812, 0.844, 0.875, 0.906, 0.938, 0.969, 1.0]
[0.0, 0.1, 0.2, 0.3, 0.4, 0.5, 0.6, 0.7, 0.8, 0.9, 1.0]
[1197, 1218, 1236, 1215, 1201, 1215, 1240, 1276, 1275, 1299, 1329]
[-65, -78, -57, -49, -73, -105, -88, -43, -94, -70, -34]
[0.0, 0.022, 0.044, 0.067, 0.089, 0.111, 0.133, 0.156, 0.178, 0.2, 0.222, 0.244, 0.267, 0.289, 0.311, 0.333, 0.356, 0.378, 0.4, 0.422, 0.444, 0.467, 0.489, 0.511, 0.533, 0.556, 0.578, 0.6, 0.622, 0.644, 0.667, 0.689, 0.711, 0.733, 0.756, 0.778, 0.8, 0.822, 0.844, 0.867, 0.889, 0.911, 0.933, 0.956, 0.978, 1.0]
[0.0, 1.0]
[1439, 1442]
[-38, -39]
[0.0, 1.0]
[0.0, 1.0]
[1446, 1448]
[-76, -76]
[0.0, 1.0]
[0.0, 1.0]
[1468, 1486]
[-54, -54]
[0.0, 1.0]
[0.0, 0.333, 0.667, 1.0]
[1500, 1513, 1517, 1505]
[-11, -39, -69, -95]
[0.0, 0.125, 0.25, 0.375, 0.5, 0.625, 0.75, 0.875, 1.0]
