[0.0, 0.043, 0.087, 0.13, 0.174, 0.217, 0.261, 0.304, 0.348, 0.391, 0.435, 0.478, 0.522, 0.565, 0.609, 0.652, 0.696, 0.739, 0.783, 0.826, 0.87, 0.913, 0.957, 1.0]
[25, 27, 30, 30, 27, 21, 16, 16, 18, 24, 45, 56, 85, 98, 112, 125, 128, 132, 132, 127, 122, 116, 129, 139]
[-44, -69, -90, -109, -131, -153, -122, -93, -64, -45, -73, -94, -137, -152, -158, -152, -138, -120, -98, -73, -49, -27, -39, -53]
[0.0, 0.013, 0.025, 0.037, 0.05, 0.062, 0.075, 0.087, 0.1, 0.113, 0.125, 0.138, 0.15, 0.163, 0.175, 0.188, 0.2, 0.212, 0.225, 0.237, 0.25, 0.263, 0.275, 0.287, 0.3, 0.312, 0.325, 0.338, 0.35, 0.362, 0.375, 0.388, 0.4, 0.412, 0.425, 0.438, 0.45, 0.463, 0.475, 0.487, 0.5, 0.512, 0.525, 0.537, 0.55, 0.562, 0.575, 0.588, 0.6, 0.613, 0.625, 0.637, 0.65, 0.662, 0.675, 0.688, 0.7, 0.713, 0.725, 0.738, 0.75, 0.762, 0.775, 0.787, 0.8, 0.812, 0.825, 0.838, 0.85, 0.863, 0.875, 0.887, 0.9, 0.912, 0.925, 0.938, 0.95, 0.963, 0.975, 0.988, 1.0]
[0.0, 0.111, 0.222, 0.333, 0.444, 0.556, 0.667, 0.778, 0.889, 1.0]
[171, 172, 175, 176, 181, 196, 214, 223, 229, 224]
[-81, -98, -114, -130, -143, -150, -143, -130, -96, -81]
[0.0, 0.013, 0.025, 0.037, 0.05, 0.062, 0.075, 0.087, 0.1, 0.113, 0.125, 0.138, 0.15, 0.163, 0.175, 0.188, 0.2, 0.212, 0.225, 0.237, 0.25, 0.263, 0.275, 0.287, 0.3, 0.312, 0.325, 0.338, 0.35, 0.362, 0.375, 0.388, 0.4, 0.412, 0.425, 0.438, 0.45, 0.463, 0.475, 0.487, 0.5, 0.512, 0.525, 0.537, 0.55, 0.562, 0.575, 0.588, 0.6, 0.613, 0.625, 0.637, 0.65, 0.662, 0.675, 0.688, 0.7, 0.713, 0.725, 0.738, 0.75, 0.762, 0.775, 0.787, 0.8, 0.812, 0.825, 0.838, 0.85, 0.863, 0.875, 0.887, 0.9, 0.912, 0.925, 0.938, 0.95, 0.963, 0.975, 0.988, 1.0]
[0.0, 0.1, 0.2, 0.3, 0.4, 0.5, 0.6, 0.7, 0.8, 0.9, 1.0]
[251, 253, 252, 264, 272, 277, 287, 295, 300, 307, 320]
[-80, -98, -123, -108, -88, -103, -113, -104, -97, -109, -120]
[0.0, 0.013, 0.025, 0.037, 0.05, 0.062, 0.075, 0.087, 0.1, 0.113, 0.125, 0.138, 0.15, 0.163, 0.175, 0.188, 0.2, 0.212, 0.225, 0.237, 0.25, 0.263, 0.275, 0.287, 0.3, 0.312, 0.325, 0.338, 0.35, 0.362, 0.375, 0.388, 0.4, 0.412, 0.425, 0.438, 0.45, 0.463, 0.475, 0.487, 0.5, 0.512, 0.525, 0.537, 0.55, 0.562, 0.575, 0.588, 0.6, 0.613, 0.625, 0.637, 0.65, 0.662, 0.675, 0.688, 0.7, 0.713, 0.725, 0.738, 0.75, 0.762, 0.775, 0.787, 0.8, 0.812, 0.825, 0.838, 0.85, 0.863, 0.875, 0.887, 0.9, 0.912, 0.925, 0.938, 0.95, 0.963, 0.975, 0.988, 1.0]
[0.0, 0.053, 0.105, 0.158, 0.211, 0.263, 0.316, 0.368, 0.421, 0.474, 0.526, 0.579, 0.632, 0.684, 0.737, 0.789, 0.842, 0.895, 0.947, 1.0]
[347, 356, 371, 387, 390, 380, 367, 361, 364, 371, 388, 400, 410, 417, 417, 418, 416, 422, 430, 447]
[-97, -104, -108, -104, -86, -76, -80, -96, -116, -129, -133, -127, -112, -94, -86, -108, -127, -133, -121, -80]
[0.0, 0.013, 0.025, 0.037, 0.05, 0.062, 0.075, 0.087, 0.1, 0.113, 0.125, 0.138, 0.15, 0.163, 0.175, 0.188, 0.2, 0.212, 0.225, 0.237, 0.25, 0.263, 0.275, 0.287, 0.3, 0.312, 0.325, 0.338, 0.35, 0.362, 0.375, 0.388, 0.4, 0.412, 0.425, 0.438, 0.45, 0.463, 0.475, 0.487, 0.5, 0.512, 0.525, 0.537, 0.55, 0.562, 0.575, 0.588, 0.6, 0.613, 0.625, 0.637, 0.65, 0.662, 0.675, 0.688, 0.7, 0.713, 0.725, 0.738, 0.75, 0.762, 0.775, 0.787, 0.8, 0.812, 0.825, 0.838, 0.85, 0.863, 0.875, 0.887, 0.9, 0.912, 0.925, 0.938, 0.95, 0.963, 0.975, 0.988, 1.0]
[0.0, 0.045, 0.091, 0.136, 0.182, 0.227, 0.273, 0.318, 0.364, 0.409, 0.455, 0.5, 0.545, 0.591, 0.636, 0.682, 0.727, 0.773, 0.818, 0.864, 0.909, 0.955, 1.0]
[475, 477, 471, 468, 466, 468, 477, 489, 500, 508, 511, 509, 508, 509, 519, 529, 539, 545, 551, 555, 550, 551, 558]
[-35, -47, -62, -77, -93, -108, -118, -116, -105, -97, -85, -78, -109, -121, -126, -125, -112, -100, -85, -70, -98, -113, -115]
[0.0, 0.013, 0.025, 0.037, 0.05, 0.062, 0.075, 0.087, 0.1, 0.113, 0.125, 0.138, 0.15, 0.163, 0.175, 0.188, 0.2, 0.212, 0.225, 0.237, 0.25, 0.263, 0.275, 0.287, 0.3, 0.312, 0.325, 0.338, 0.35, 0.362, 0.375, 0.388, 0.4, 0.412, 0.425, 0.438, 0.45, 0.463, 0.475, 0.487, 0.5, 0.512, 0.525, 0.537, 0.55, 0.562, 0.575, 0.588, 0.6, 0.613, 0.625, 0.637, 0.65, 0.662, 0.675, 0.688, 0.7, 0.713, 0.725, 0.738, 0.75, 0.762, 0.775, 0.787, 0.8, 0.812, 0.825, 0.838, 0.85, 0.863, 0.875, 0.887, 0.9, 0.912, 0.925, 0.938, 0.95, 0.963, 0.975, 0.988, 1.0]
[0.0, 1.0]
[569, 572]
[-36, -38]
[0.0, 0.013, 0.025, 0.037, 0.05, 0.062, 0.075, 0.087, 0.1, 0.113, 0.125, 0.138, 0.15, 0.163, 0.175, 0.188, 0.2, 0.212, 0.225, 0.237, 0.25, 0.263, 0.275, 0.287, 0.3, 0.312, 0.325, 0.338, 0.35, 0.362, 0.375, 0.388, 0.4, 0.412, 0.425, 0.438, 0.45, 0.463, 0.475, 0.487, 0.5, 0.512, 0.525, 0.537, 0.55, 0.562, 0.575, 0.588, 0.6, 0.613, 0.625, 0.637, 0.65, 0.662, 0.675, 0.688, 0.7, 0.713, 0.725, 0.738, 0.75, 0.762, 0.775, 0.787, 0.8, 0.812, 0.825, 0.838, 0.85, 0.863, 0.875, 0.887, 0.9, 0.912, 0.925, 0.938, 0.95, 0.963, 0.975, 0.988, 1.0]
[0.0, 0.1, 0.2, 0.3, 0.4, 0.5, 0.6, 0.7, 0.8, 0.9, 1.0]
[732, 722, 710, 708, 718, 735, 751, 764, 755, 739, 712]
[-63, -54, -58, -68, -85, -88, -91, -104, -113, -110, -114]
[0.0, 0.013, 0.025, 0.037, 0.05, 0.062, 0.075, 0.087, 0.1, 0.113, 0.125, 0.138, 0.15, 0.163, 0.175, 0.188, 0.2, 0.212, 0.225, 0.237, 0.25, 0.263, 0.275, 0.287, 0.3, 0.312, 0.325, 0.338, 0.35, 0.362, 0.375, 0.388, 0.4, 0.412, 0.425, 0.438, 0.45, 0.463, 0.475, 0.487, 0.5, 0.512, 0.525, 0.537, 0.55, 0.562, 0.575, 0.588, 0.6, 0.613, 0.625, 0.637, 0.65, 0.662, 0.675, 0.688, 0.7, 0.713, 0.725, 0.738, 0.75, 0.762, 0.775, 0.787, 0.8, 0.812, 0.825, 0.838, 0.85, 0.863, 0.875, 0.887, 0.9, 0.912, 0.925, 0.938, 0.95, 0.963, 0.975, 0.988, 1.0]
[0.0, 0.056, 0.111, 0.167, 0.222, 0.278, 0.333, 0.389, 0.444, 0.5, 0.556, 0.611, 0.667, 0.722, 0.778, 0.833, 0.889, 0.944, 1.0]
[794, 785, 783, 790, 803, 818, 820, 813, 803, 818, 829, 844, 847, 839, 828, 823, 834, 851, 865]
[-67, -56, -70, -87, -94, -91, -78, -69, -55, -74, -81, -94, -110, -121, -130, -140, -145, -143, -143]
[0.0, 0.013, 0.025, 0.037, 0.05, 0.062, 0.075, 0.087, 0.1, 0.113, 0.125, 0.138, 0.15, 0.163, 0.175, 0.188, 0.2, 0.212, 0.225, 0.237, 0.25, 0.263, 0.275, 0.287, 0.3, 0.312, 0.325, 0.338, 0.35, 0.362, 0.375, 0.388, 0.4, 0.412, 0.425, 0.438, 0.45, 0.463, 0.475, 0.487, 0.5, 0.512, 0.525, 0.537, 0.55, 0.562, 0.575, 0.588, 0.6, 0.613, 0.625, 0.637, 0.65, 0.662, 0.675, 0.688, 0.7, 0.713, 0.725, 0.738, 0.75, 0.762, 0.775, 0.787, 0.8, 0.812, 0.825, 0.838, 0.85, 0.863, 0.875, 0.887, 0.9, 0.912, 0.925, 0.938, 0.95, 0.963, 0.975, 0.988, 1.0]
[0.0, 0.053, 0.105, 0.158, 0.211, 0.263, 0.316, 0.368, 0.421, 0.474, 0.526, 0.579, 0.632, 0.684, 0.737, 0.789, 0.842, 0.895, 0.947, 1.0]
[1016, 1004, 1019, 1033, 1042, 1036, 1025, 1008, 1020, 1029, 1041, 1055, 1065, 1067, 1067, 1084, 1100, 1102, 1105, 1102]
[-52, -57, -72, -84, -100, -107, -111, -103, -88, -88, -80, -76, -70, -60, -78, -94, -94, -78, -66, -50]
[0.0, 0.013, 0.025, 0.037, 0.05, 0.062, 0.075, 0.087, 0.1, 0.113, 0.125, 0.138, 0.15, 0.163, 0.175, 0.188, 0.2, 0.212, 0.225, 0.237, 0.25, 0.263, 0.275, 0.287, 0.3, 0.312, 0.325, 0.338, 0.35, 0.362, 0.375, 0.388, 0.4, 0.412, 0.425, 0.438, 0.45, 0.463, 0.475, 0.487, 0.5, 0.512, 0.525, 0.537, 0.55, 0.562, 0.575, 0.588, 0.6, 0.613, 0.625, 0.637, 0.65, 0.662, 0.675, 0.688, 0.7, 0.713, 0.725, 0.738, 0.75, 0.762, 0.775, 0.787, 0.8, 0.812, 0.825, 0.838, 0.85, 0.863, 0.875, 0.887, 0.9, 0.912, 0.925, 0.938, 0.95, 0.963, 0.975, 0.988, 1.0]
[0.0, 0.045, 0.091, 0.136, 0.182, 0.227, 0.273, 0.318, 0.364, 0.409, 0.455, 0.5, 0.545, 0.591, 0.636, 0.682, 0.727, 0.773, 0.818, 0.864, 0.909, 0.955, 1.0]
[1132, 1139, 1144, 1147, 1145, 1144, 1140, 1134, 1128, 1117, 1110, 1108, 1112, 1116, 1125, 1134, 1137, 1155, 1165, 1174, 1171, 1163, 1147]
[-53, -63, -79, -92, -111, -132, -149, -166, -183, -183, -167, -144, -124, -104, -83, -66, -57, -48, -50, -59, -70, -84, -102]
[0.0, 0.013, 0.025, 0.037, 0.05, 0.062, 0.075, 0.087, 0.1, 0.113, 0.125, 0.138, 0.15, 0.163, 0.175, 0.188, 0.2, 0.212, 0.225, 0.237, 0.25, 0.263, 0.275, 0.287, 0.3, 0.312, 0.325, 0.338, 0.35, 0.362, 0.375, 0.388, 0.4, 0.412, 0.425, 0.438, 0.45, 0.463, 0.475, 0.487, 0.5, 0.512, 0.525, 0.537, 0.55, 0.562, 0.575, 0.588, 0.6, 0.613, 0.625, 0.637, 0.65, 0.662, 0.675, 0.688, 0.7, 0.713, 0.725, 0.738, 0.75, 0.762, 0.775, 0.787, 0.8, 0.812, 0.825, 0.838, 0.85, 0.863, 0.875, 0.887, 0.9, 0.912, 0.925, 0.938, 0.95, 0.963, 0.975, 0.988, 1.0]
[0.0, 0.04, 0.08, 0.12, 0.16, 0.2, 0.24, 0.28, 0.32, 0.36, 0.4, 0.44, 0.48, 0.52, 0.56, 0.6, 0.64, 0.68, 0.72, 0.76, 0.8, 0.84, 0.88, 0.92, 0.96, 1.0]
[1193, 1203, 1212, 1223, 1230, 1234, 1238, 1225, 1213, 1209, 1201, 1198, 1210, 1222, 1235, 1245, 1254, 1268, 1276, 1280, 1281, 1276, 1286, 1298, 1311, 1324]
[-66, -74, -79, -80, -71, -65, -47, -42, -47, -55, -70, -89, -104, -102, -92, -80, -67, -53, -41, -59, -72, -91, -81, -64, -53, -37]
[0.0, 0.013, 0.025, 0.037, 0.05, 0.062, 0.075, 0.087, 0.1, 0.113, 0.125, 0.138, 0.15, 0.163, 0.175, 0.188, 0.2, 0.212, 0.225, 0.237, 0.25, 0.263, 0.275, 0.287, 0.3, 0.312, 0.325, 0.338, 0.35, 0.362, 0.375, 0.388, 0.4, 0.412, 0.425, 0.438, 0.45, 0.463, 0.475, 0.487, 0.5, 0.512, 0.525, 0.537, 0.55, 0.562, 0.575, 0.588, 0.6, 0.613, 0.625, 0.637, 0.65, 0.662, 0.675, 0.688, 0.7, 0.713, 0.725, 0.738, 0.75, 0.762, 0.775, 0.787, 0.8, 0.812, 0.825, 0.838, 0.85, 0.863, 0.875, 0.887, 0.9, 0.912, 0.925, 0.938, 0.95, 0.963, 0.975, 0.988, 1.0]
[0.0, 1.0]
[1440, 1441]
[-36, -38]
[0.0, 0.013, 0.025, 0.037, 0.05, 0.062, 0.075, 0.087, 0.1, 0.113, 0.125, 0.138, 0.15, 0.163, 0.175, 0.188, 0.2, 0.212, 0.225, 0.237, 0.25, 0.263, 0.275, 0.287, 0.3, 0.312, 0.325, 0.338, 0.35, 0.362, 0.375, 0.388, 0.4, 0.412, 0.425, 0.438, 0.45, 0.463, 0.475, 0.487, 0.5, 0.512, 0.525, 0.537, 0.55, 0.562, 0.575, 0.588, 0.6, 0.613, 0.625, 0.637, 0.65, 0.662, 0.675, 0.688, 0.7, 0.713, 0.725, 0.738, 0.75, 0.762, 0.775, 0.787, 0.8, 0.812, 0.825, 0.838, 0.85, 0.863, 0.875, 0.887, 0.9, 0.912, 0.925, 0.938, 0.95, 0.963, 0.975, 0.988, 1.0]
[0.0, 1.0]
[1444, 1447]
[-80, -80]
[0.0, 0.013, 0.025, 0.037, 0.05, 0.062, 0.075, 0.087, 0.1, 0.113, 0.125, 0.138, 0.15, 0.163, 0.175, 0.188, 0.2, 0.212, 0.225, 0.237, 0.25, 0.263, 0.275, 0.287, 0.3, 0.312, 0.325, 0.338, 0.35, 0.362, 0.375, 0.388, 0.4, 0.412, 0.425, 0.438, 0.45, 0.463, 0.475, 0.487, 0.5, 0.512, 0.525, 0.537, 0.55, 0.562, 0.575, 0.588, 0.6, 0.613, 0.625, 0.637, 0.65, 0.662, 0.675, 0.688, 0.7, 0.713, 0.725, 0.738, 0.75, 0.762, 0.775, 0.787, 0.8, 0.812, 0.825, 0.838, 0.85, 0.863, 0.875, 0.887, 0.9, 0.912, 0.925, 0.938, 0.95, 0.963, 0.975, 0.988, 1.0]
[0.0, 1.0]
[1468, 1488]
[-55, -56]
[0.0, 0.013, 0.025, 0.037, 0.05, 0.062, 0.075, 0.087, 0.1, 0.113, 0.125, 0.138, 0.15, 0.163, 0.175, 0.188, 0.2, 0.212, 0.225, 0.237, 0.25, 0.263, 0.275, 0.287, 0.3, 0.312, 0.325, 0.338, 0.35, 0.362, 0.375, 0.388, 0.4, 0.412, 0.425, 0.438, 0.45, 0.463, 0.475, 0.487, 0.5, 0.512, 0.525, 0.537, 0.55, 0.562, 0.575, 0.588, 0.6, 0.613, 0.625, 0.637, 0.65, 0.662, 0.675, 0.688, 0.7, 0.713, 0.725, 0.738, 0.75, 0.762, 0.775, 0.787, 0.8, 0.812, 0.825, 0.838, 0.85, 0.863, 0.875, 0.887, 0.9, 0.912, 0.925, 0.938, 0.95, 0.963, 0.975, 0.988, 1.0]
[0.0, 0.2, 0.4, 0.6, 0.8, 1.0]
[1500, 1509, 1515, 1518, 1515, 1505]
[-14, -24, -40, -57, -75, -89]
[0.0, 0.013, 0.025, 0.037, 0.05, 0.062, 0.075, 0.087, 0.1, 0.113, 0.125, 0.138, 0.15, 0.163, 0.175, 0.188, 0.2, 0.212, 0.225, 0.237, 0.25, 0.263, 0.275, 0.287, 0.3, 0.312, 0.325, 0.338, 0.35, 0.362, 0.375, 0.388, 0.4, 0.412, 0.425, 0.438, 0.45, 0.463, 0.475, 0.487, 0.5, 0.512, 0.525, 0.537, 0.55, 0.562, 0.575, 0.588, 0.6, 0.613, 0.625, 0.637, 0.65, 0.662, 0.675, 0.688, 0.7, 0.713, 0.725, 0.738, 0.75, 0.762, 0.775, 0.787, 0.8, 0.812, 0.825, 0.838, 0.85, 0.863, 0.875, 0.887, 0.9, 0.912, 0.925, 0.938, 0.95, 0.963, 0.975, 0.988, 1.0]
