[0.0, 0.111, 0.222, 0.333, 0.444, 0.556, 0.667, 0.778, 0.889, 1.0]
[24, 32, 21, 18, 24, 86, 116, 131, 116, 137]
[-44, -102, -151, -95, -44, -139, -158, -124, -27, -44]
[0.0, 0.013, 0.025, 0.037, 0.05, 0.062, 0.075, 0.087, 0.1, 0.113, 0.125, 0.138, 0.15, 0.163, 0.175, 0.188, 0.2, 0.212, 0.225, 0.237, 0.25, 0.263, 0.275, 0.287, 0.3, 0.312, 0.325, 0.338, 0.35, 0.362, 0.375, 0.388, 0.4, 0.412, 0.425, 0.438, 0.45, 0.463, 0.475, 0.487, 0.5, 0.512, 0.525, 0.537, 0.55, 0.562, 0.575, 0.588, 0.6, 0.613, 0.625, 0.637, 0.65, 0.662, 0.675, 0.688, 0.7, 0.713, 0.725, 0.738, 0.75, 0.762, 0.775, 0.787, 0.8, 0.812, 0.825, 0.838, 0.85, 0.863, 0.875, 0.887, 0.9, 0.912, 0.925, 0.938, 0.95, 0.963, 0.975, 0.988, 1.0]
[0.0, 0.25, 0.5, 0.75, 1.0]
[169, 175, 197, 218, 219]
[-82, -126, -154, -134, -86]
[0.0, 0.013, 0.025, 0.037, 0.05, 0.062, 0.075, 0.087, 0.1, 0.113, 0.125, 0.138, 0.15, 0.163, 0.175, 0.188, 0.2, 0.212, 0.225, 0.237, 0.25, 0.263, 0.275, 0.287, 0.3, 0.312, 0.325, 0.338, 0.35, 0.362, 0.375, 0.388, 0.4, 0.412, 0.425, 0.438, 0.45, 0.463, 0.475, 0.487, 0.5, 0.512, 0.525, 0.537, 0.55, 0.562, 0.575, 0.588, 0.6, 0.613, 0.625, 0.637, 0.65, 0.662, 0.675, 0.688, 0.7, 0.713, 0.725, 0.738, 0.75, 0.762, 0.775, 0.787, 0.8, 0.812, 0.825, 0.838, 0.85, 0.863, 0.875, 0.887, 0.9, 0.912, 0.925, 0.938, 0.95, 0.963, 0.975, 0.988, 1.0]
[0.0, 0.167, 0.333, 0.5, 0.667, 0.833, 1.0]
[250, 255, 278, 284, 301, 306, 326]
[-81, -124, -83, -108, -89, -111, -123]
[0.0, 0.013, 0.025, 0.037, 0.05, 0.062, 0.075, 0.087, 0.1, 0.113, 0.125, 0.138, 0.15, 0.163, 0.175, 0.188, 0.2, 0.212, 0.225, 0.237, 0.25, 0.263, 0.275, 0.287, 0.3, 0.312, 0.325, 0.338, 0.35, 0.362, 0.375, 0.388, 0.4, 0.412, 0.425, 0.438, 0.45, 0.463, 0.475, 0.487, 0.5, 0.512, 0.525, 0.537, 0.55, 0.562, 0.575, 0.588, 0.6, 0.613, 0.625, 0.637, 0.65, 0.662, 0.675, 0.688, 0.7, 0.713, 0.725, 0.738, 0.75, 0.762, 0.775, 0.787, 0.8, 0.812, 0.825, 0.838, 0.85, 0.863, 0.875, 0.887, 0.9, 0.912, 0.925, 0.938, 0.95, 0.963, 0.975, 0.988, 1.0]
[0.0, 0.091, 0.182, 0.273, 0.364, 0.455, 0.545, 0.636, 0.727, 0.818, 0.909, 1.0]
[345, 364, 387, 384, 367, 362, 379, 402, 414, 415, 422, 446]
[-95, -107, -105, -78, -80, -117, -133, -119, -86, -125, -134, -76]
[0.0, 0.013, 0.025, 0.037, 0.05, 0.062, 0.075, 0.087, 0.1, 0.113, 0.125, 0.138, 0.15, 0.163, 0.175, 0.188, 0.2, 0.212, 0.225, 0.237, 0.25, 0.263, 0.275, 0.287, 0.3, 0.312, 0.325, 0.338, 0.35, 0.362, 0.375, 0.388, 0.4, 0.412, 0.425, 0.438, 0.45, 0.463, 0.475, 0.487, 0.5, 0.512, 0.525, 0.537, 0.55, 0.562, 0.575, 0.588, 0.6, 0.613, 0.625, 0.637, 0.65, 0.662, 0.675, 0.688, 0.7, 0.713, 0.725, 0.738, 0.75, 0.762, 0.775, 0.787, 0.8, 0.812, 0.825, 0.838, 0.85, 0.863, 0.875, 0.887, 0.9, 0.912, 0.925, 0.938, 0.95, 0.963, 0.975, 0.988, 1.0]
[0.0, 0.091, 0.182, 0.273, 0.364, 0.455, 0.545, 0.636, 0.727, 0.818, 0.909, 1.0]
[472, 470, 464, 476, 497, 509, 505, 516, 537, 556, 552, 558]
[-36, -66, -94, -122, -113, -77, -105, -125, -118, -68, -96, -117]
[0.0, 0.013, 0.025, 0.037, 0.05, 0.062, 0.075, 0.087, 0.1, 0.113, 0.125, 0.138, 0.15, 0.163, 0.175, 0.188, 0.2, 0.212, 0.225, 0.237, 0.25, 0.263, 0.275, 0.287, 0.3, 0.312, 0.325, 0.338, 0.35, 0.362, 0.375, 0.388, 0.4, 0.412, 0.425, 0.438, 0.45, 0.463, 0.475, 0.487, 0.5, 0.512, 0.525, 0.537, 0.55, 0.562, 0.575, 0.588, 0.6, 0.613, 0.625, 0.637, 0.65, 0.662, 0.675, 0.688, 0.7, 0.713, 0.725, 0.738, 0.75, 0.762, 0.775, 0.787, 0.8, 0.812, 0.825, 0.838, 0.85, 0.863, 0.875, 0.887, 0.9, 0.912, 0.925, 0.938, 0.95, 0.963, 0.975, 0.988, 1.0]
